133
111.000000
0.435914 0.554347 0.447998 0.566019 0.481205 0.469928 0.487840 0.485826 0.431648 0.417661 0.458289 0.521896 0.474510 0.525540 0.541725 0.454280 0.500359 0.576304 0.552541 0.472491 0.421157 0.482549 0.513160 0.495044 0.497621 0.417298 0.424992 0.515273 0.529879 0.504729 0.490315 0.474833 0.479149 0.479814 0.434046 0.575622 0.504455 0.423098 0.496653 0.451663 0.481350 0.508151 0.537689 0.458066 0.510336 0.525631 0.502004 0.470912 0.469908 0.513470 0.510903 0.559021 0.451665 0.481828 0.554260 0.522439 0.466244 0.539864 0.509829 0.518624 0.533229 0.547499 0.475732 0.413016 0.456810 0.540070 0.520810 0.534566 0.579414 0.596146 0.456518 0.511336 0.529365 0.513884 0.479244 0.532892 0.490575 0.525463 0.426178 0.467084 0.430362 0.478714 0.629098 0.520138 0.536292 0.550952 0.502057 0.514339 0.560405 0.467242 0.487468 0.489256 0.482376 0.535393 0.529914 0.536659 0.482742 0.482822 0.543637 0.470717 0.463862 0.560392 0.516067 0.480290 0.537961 0.432189 0.486674 0.475802 0.526998 0.478832 0.509860 0.511742 0.515038 0.515336 0.526922 0.558735 0.536149 0.509733 0.402089 0.526271 0.425378 0.555247 0.506910 0.586558 0.433314 0.437488 0.537493 0.495139 0.496839 0.520695 0.536005 0.514480 0.504403 0.430277 0.501998 0.466371 0.458800 0.538103 0.415924 0.461242 0.518827 0.438231 0.550706 0.455018 0.585686 0.562070 0.448437 0.483699 0.511329 0.399529 0.593406 0.523983 0.534713 0.488415 0.494351 0.527163 0.486378 0.585493 0.549652 0.515926 0.501781 0.533330 0.456252 0.406895 0.490750 0.471056 0.450537 0.447729 0.546219 0.545650 0.506274 0.469164 0.535561 0.488676 0.475680 0.494648 0.497012 0.593522 0.446513 0.454047 0.484461 0.506460 0.496001 0.519184 0.505955 0.419585 0.555524 0.478214 0.512447 0.477495 0.582549 0.456203 0.507368 0.487377 0.572059 0.460673 0.467047 0.545409 0.519068 0.505814 

271
60.000000
0.531260 0.479504 0.538910 0.470426 0.481788 0.584373 0.461961 0.514409 0.512388 0.519440 0.584947 0.526374 0.465118 0.480339 0.508982 0.558334 0.554644 0.517009 0.567662 0.496711 0.449570 0.453140 0.423717 0.539159 0.591382 0.465494 0.555660 0.490186 0.496478 0.604438 0.526038 0.470652 0.529682 0.525093 0.486076 0.544635 0.537952 0.502595 0.566540 0.539509 0.515536 0.397770 0.439085 0.404108 0.455931 0.409687 0.433519 0.505695 0.579278 0.636333 0.561260 0.506291 0.548752 0.450641 0.507444 0.437535 0.476481 0.438119 0.466897 0.539109 0.500513 0.452153 0.452303 0.508077 0.449610 0.556925 0.572671 0.518545 0.473443 0.494643 0.412568 0.496434 0.518730 0.464672 0.503466 0.514153 0.471252 0.483971 0.470118 0.602820 0.498850 0.573398 0.529305 0.471047 0.472180 0.544344 0.524021 0.465624 0.586966 0.505199 0.471609 0.497410 0.504062 0.593194 0.487474 0.529734 0.480302 0.455987 0.551603 0.554740 0.530308 0.515981 0.483946 0.540794 0.528586 0.588472 0.544497 0.537432 0.435156 0.464080 0.518482 0.463432 0.504124 0.477192 0.533458 0.508990 0.422247 0.435244 0.566986 0.509457 0.510611 0.480455 0.527425 0.507402 0.672580 0.547148 0.516110 0.547904 0.628375 0.597304 0.466326 0.475365 0.496078 0.563416 0.499033 0.569253 0.443412 0.465475 0.536460 0.628811 0.455493 0.544973 0.374720 0.491194 0.496860 0.502093 0.490845 0.616165 0.425415 0.427668 0.473443 0.539579 0.570362 0.515865 0.531015 0.491022 0.422787 0.453064 0.546098 0.532450 0.407880 0.494452 0.457953 0.555772 0.425195 0.386512 0.525930 0.503773 0.399208 0.560242 0.540701 0.499751 0.496032 0.511806 0.488503 0.476904 0.464658 0.508500 0.414897 0.486207 0.544657 0.478057 0.412657 0.602447 0.434262 0.560559 0.560163 0.370895 0.514982 0.508783 0.518271 0.411012 0.508245 0.464641 0.514823 0.461664 0.484134 0.482069 0.552724 0.515179 

322
163.000000
0.463187 0.473034 0.502540 0.557927 0.487367 0.513188 0.543580 0.449409 0.450780 0.537498 0.476563 0.575415 0.503891 0.470219 0.503939 0.468515 0.506953 0.429657 0.481982 0.437866 0.587099 0.511728 0.555227 0.529206 0.450101 0.533915 0.491036 0.537819 0.499924 0.511730 0.502150 0.470333 0.503276 0.518748 0.526067 0.543292 0.489786 0.532629 0.488859 0.585234 0.523774 0.503830 0.523431 0.520676 0.531441 0.505454 0.490638 0.447711 0.486899 0.464717 0.449985 0.496707 0.487073 0.515984 0.521789 0.465885 0.518992 0.441284 0.502478 0.504016 0.441967 0.512208 0.556375 0.528221 0.542906 0.501635 0.496750 0.404883 0.445990 0.514700 0.579876 0.561122 0.491080 0.521580 0.461967 0.526148 0.499361 0.507894 0.522116 0.463319 0.542206 0.487174 0.449116 0.499899 0.522128 0.546526 0.537369 0.565592 0.462223 0.508550 0.397277 0.517705 0.547263 0.491294 0.466228 0.515624 0.492759 0.458435 0.496055 0.501434 0.557013 0.528606 0.538215 0.466694 0.532428 0.517209 0.433019 0.514190 0.535602 0.488764 0.558369 0.501984 0.519012 0.494598 0.460380 0.546622 0.506073 0.488876 0.572621 0.476245 0.520016 0.520461 0.441341 0.506674 0.561084 0.548108 0.497430 0.498529 0.468145 0.504353 0.514010 0.501586 0.456816 0.480151 0.514755 0.530802 0.485368 0.465536 0.555650 0.446438 0.491837 0.499517 0.480754 0.448593 0.447006 0.493215 0.432245 0.528556 0.494662 0.584446 0.421028 0.511798 0.496189 0.477813 0.513780 0.549731 0.555585 0.554382 0.478805 0.514064 0.512273 0.545265 0.485945 0.480366 0.506702 0.595987 0.469675 0.500744 0.463471 0.487017 0.407272 0.458302 0.496213 0.553588 0.495814 0.542919 0.544699 0.537605 0.473898 0.496233 0.484526 0.558789 0.503656 0.499772 0.532209 0.498835 0.497776 0.564444 0.503248 0.479060 0.458679 0.539548 0.508522 0.450888 0.512678 0.496372 0.486943 0.443570 0.450253 0.488015 

375
85.000000
0.455613 0.513356 0.454823 0.506424 0.510463 0.581610 0.543719 0.549997 0.504925 0.545125 0.533545 0.515822 0.461116 0.511299 0.480093 0.453084 0.423312 0.436565 0.560034 0.484409 0.555445 0.481165 0.474611 0.507278 0.589228 0.535902 0.422856 0.414118 0.480657 0.494406 0.489653 0.476506 0.401894 0.528001 0.507732 0.554598 0.556697 0.540367 0.465889 0.553324 0.598624 0.500760 0.513497 0.475863 0.462732 0.451976 0.451367 0.545531 0.484817 0.543956 0.534270 0.499057 0.458742 0.517438 0.506635 0.551759 0.399244 0.499373 0.433512 0.443291 0.481207 0.498110 0.495765 0.582934 0.503011 0.445514 0.484260 0.513943 0.482806 0.472757 0.489525 0.471011 0.481965 0.451670 0.454569 0.591778 0.553764 0.513196 0.397200 0.439814 0.459942 0.580678 0.413545 0.476876 0.448289 0.491772 0.454791 0.459830 0.592973 0.492576 0.568297 0.549612 0.496225 0.421367 0.541276 0.545920 0.593534 0.502487 0.415654 0.491574 0.519517 0.539564 0.512447 0.436995 0.430899 0.387309 0.498796 0.503591 0.471685 0.470105 0.445356 0.513983 0.550999 0.511243 0.439045 0.524709 0.523434 0.450589 0.475544 0.460878 0.545139 0.443866 0.537777 0.436297 0.440365 0.428799 0.537023 0.524018 0.436198 0.529506 0.536009 0.588128 0.527963 0.565963 0.510754 0.547480 0.584653 0.503443 0.491703 0.573189 0.507311 0.473000 0.451154 0.516508 0.539132 0.533271 0.504662 0.534339 0.526690 0.510069 0.421399 0.596722 0.496573 0.557184 0.527379 0.491238 0.485608 0.500587 0.485766 0.473371 0.595399 0.459762 0.511956 0.489011 0.525487 0.424727 0.580980 0.525018 0.406272 0.552345 0.446561 0.602558 0.489889 0.499533 0.494963 0.445028 0.544052 0.503480 0.535604 0.535426 0.459078 0.511526 0.432343 0.516867 0.560556 0.577451 0.440714 0.541202 0.424864 0.472298 0.500291 0.490723 0.555221 0.515074 0.442256 0.586401 0.568465 0.535851 0.423462 0.511119 

397
39.000000
0.556081 0.531917 0.514220 0.521498 0.490364 0.583955 0.573477 0.439686 0.386004 0.415720 0.508681 0.456023 0.506628 0.479417 0.391110 0.443391 0.611083 0.512816 0.476444 0.576625 0.388807 0.584274 0.440560 0.437760 0.599879 0.428838 0.426328 0.507973 0.475371 0.388802 0.444354 0.565638 0.448329 0.594225 0.534397 0.561056 0.443242 0.526943 0.487757 0.450934 0.573862 0.393594 0.462875 0.506415 0.598693 0.507862 0.385176 0.564966 0.447092 0.557347 0.513524 0.443738 0.542658 0.424162 0.408891 0.416742 0.379267 0.598741 0.446242 0.394433 0.535619 0.454790 0.374184 0.512555 0.497309 0.581794 0.518265 0.446832 0.525182 0.524142 0.502666 0.489386 0.452990 0.417075 0.552045 0.556545 0.599965 0.495880 0.582458 0.675939 0.490215 0.434242 0.518040 0.498244 0.545390 0.488465 0.350781 0.574685 0.388261 0.480008 0.529976 0.441526 0.328462 0.478922 0.562085 0.465012 0.483612 0.622486 0.499770 0.566972 0.447679 0.542633 0.539612 0.527053 0.423017 0.553878 0.525731 0.510690 0.484150 0.552244 0.473734 0.526789 0.592545 0.588528 0.493334 0.431634 0.598681 0.466707 0.531569 0.364983 0.558090 0.573014 0.532440 0.392155 0.470513 0.558725 0.466433 0.444769 0.495930 0.341216 0.564832 0.451812 0.497165 0.440337 0.426782 0.393559 0.487392 0.457674 0.524780 0.397230 0.586930 0.551779 0.395765 0.646144 0.417585 0.461051 0.532731 0.495132 0.550331 0.621914 0.605816 0.475070 0.438969 0.466748 0.502028 0.548681 0.447080 0.412396 0.573079 0.549625 0.459387 0.454611 0.437664 0.551250 0.501572 0.463320 0.571030 0.502929 0.583465 0.495380 0.634285 0.469308 0.413944 0.514243 0.513957 0.493027 0.568091 0.404003 0.533813 0.557469 0.629409 0.473351 0.554166 0.512284 0.531933 0.516136 0.443233 0.524188 0.462771 0.377427 0.468314 0.460572 0.539167 0.542663 0.486451 0.620993 0.420602 0.495382 0.528310 0.495326 

455
38.000000
0.598236 0.483394 0.629907 0.538362 0.553922 0.493020 0.511019 0.528769 0.621525 0.444039 0.593827 0.499264 0.545991 0.543172 0.519355 0.502500 0.501647 0.410244 0.522836 0.466701 0.479598 0.512216 0.500577 0.443153 0.458946 0.495331 0.496086 0.391973 0.576685 0.538657 0.620846 0.477870 0.610518 0.485802 0.399348 0.392292 0.492785 0.444750 0.501460 0.573129 0.551057 0.532061 0.580984 0.548747 0.410948 0.404173 0.437585 0.399388 0.568931 0.489243 0.399512 0.491133 0.353606 0.589892 0.539914 0.557813 0.476634 0.586268 0.475328 0.453518 0.420735 0.503674 0.586701 0.445137 0.588163 0.527396 0.513756 0.387139 0.531039 0.525192 0.526107 0.418166 0.519723 0.522183 0.461715 0.466945 0.438546 0.441698 0.640714 0.520304 0.540278 0.412555 0.469536 0.556490 0.635770 0.381372 0.508923 0.585706 0.496957 0.467193 0.626511 0.534411 0.420691 0.516905 0.545565 0.463179 0.492376 0.490918 0.381556 0.387135 0.450742 0.577867 0.576240 0.559796 0.444028 0.544878 0.527871 0.399821 0.611945 0.479496 0.623157 0.524777 0.515225 0.502838 0.412021 0.420385 0.442431 0.557451 0.512326 0.519793 0.514739 0.432132 0.518423 0.477118 0.403803 0.598043 0.421377 0.468108 0.455173 0.542958 0.516394 0.340996 0.438502 0.624175 0.468716 0.415696 0.406582 0.512347 0.580979 0.597241 0.539117 0.501837 0.582428 0.567296 0.555679 0.464587 0.442213 0.532152 0.512736 0.475709 0.549696 0.547776 0.350449 0.515099 0.496155 0.466689 0.355325 0.462179 0.492448 0.457843 0.512121 0.533206 0.556404 0.551228 0.394479 0.507998 0.568754 0.395675 0.478428 0.493259 0.673910 0.450112 0.640076 0.473430 0.541128 0.539295 0.504085 0.568228 0.616032 0.474324 0.443518 0.430678 0.403431 0.470629 0.528354 0.580606 0.467898 0.644689 0.370451 0.586749 0.464833 0.513183 0.578297 0.509450 0.531631 0.386482 0.481292 0.560653 0.468104 0.424956 

500
81.000000
0.577032 0.478227 0.533196 0.477764 0.502073 0.449803 0.585155 0.417804 0.529856 0.571443 0.482749 0.505867 0.538012 0.484821 0.569168 0.489955 0.507161 0.441324 0.559470 0.573352 0.419299 0.556274 0.420729 0.382775 0.567540 0.487650 0.517477 0.460166 0.559664 0.580280 0.511242 0.515899 0.422475 0.493356 0.434294 0.466470 0.532688 0.510726 0.455706 0.505672 0.418952 0.511141 0.363751 0.492750 0.559304 0.448787 0.579028 0.539320 0.437500 0.514566 0.448063 0.441674 0.518168 0.504986 0.433232 0.570001 0.480312 0.568189 0.548283 0.519981 0.461271 0.499951 0.450063 0.542220 0.579063 0.422954 0.418527 0.551283 0.531766 0.535008 0.470451 0.511765 0.530603 0.480856 0.578004 0.474351 0.458643 0.535754 0.483342 0.555804 0.451002 0.540133 0.461721 0.537272 0.480589 0.453340 0.554870 0.505734 0.545508 0.443649 0.538558 0.527799 0.481027 0.516735 0.449671 0.493547 0.478153 0.498926 0.590156 0.420453 0.631252 0.443734 0.468835 0.526606 0.413460 0.478857 0.529827 0.491210 0.370847 0.530238 0.504294 0.449901 0.527297 0.443882 0.599927 0.497730 0.536294 0.429132 0.484164 0.534004 0.420950 0.425771 0.543642 0.441079 0.460139 0.485854 0.492299 0.429982 0.545374 0.550632 0.526291 0.491312 0.509173 0.433523 0.443711 0.482776 0.439045 0.552969 0.540124 0.466901 0.539185 0.510708 0.458205 0.441599 0.450907 0.473304 0.481247 0.498074 0.498754 0.489165 0.528702 0.486546 0.474561 0.552580 0.531503 0.485317 0.581845 0.452428 0.493445 0.427305 0.604138 0.468109 0.492165 0.476763 0.488933 0.412117 0.519952 0.428577 0.511653 0.456316 0.547150 0.551636 0.459675 0.505678 0.441280 0.492533 0.567119 0.413464 0.457457 0.495336 0.465676 0.500549 0.499970 0.502215 0.523331 0.522318 0.442998 0.472777 0.608424 0.573786 0.413866 0.469217 0.448389 0.517954 0.523548 0.494634 0.552427 0.521987 0.452212 0.549050 

569
96.000000
0.491739 0.477714 0.459224 0.469412 0.487244 0.492756 0.402582 0.568267 0.500449 0.531300 0.462566 0.435114 0.447070 0.532335 0.508244 0.536160 0.556291 0.497759 0.493146 0.520824 0.415519 0.516119 0.498345 0.581047 0.471145 0.511448 0.443078 0.494886 0.498763 0.511152 0.474728 0.539606 0.547529 0.489892 0.433972 0.429321 0.497697 0.510260 0.534495 0.502416 0.510462 0.482674 0.440571 0.586298 0.480606 0.474829 0.440015 0.531437 0.550231 0.506428 0.533068 0.406602 0.533281 0.454928 0.555605 0.564627 0.494064 0.505592 0.545327 0.452851 0.487446 0.468430 0.424851 0.530027 0.508169 0.553221 0.448248 0.431634 0.436850 0.451647 0.542861 0.421446 0.594255 0.484888 0.596184 0.429881 0.494265 0.474872 0.506025 0.463530 0.486411 0.497941 0.517561 0.511775 0.584387 0.484544 0.495906 0.442572 0.448141 0.577129 0.517896 0.427385 0.534486 0.506336 0.432178 0.519658 0.477771 0.498896 0.512436 0.455659 0.514319 0.520079 0.497334 0.478797 0.501456 0.599589 0.550623 0.530070 0.479070 0.494220 0.426672 0.540428 0.474764 0.509093 0.508226 0.545860 0.537930 0.510788 0.533223 0.475523 0.551484 0.526024 0.551238 0.415156 0.533587 0.521914 0.430107 0.485297 0.538829 0.431050 0.489333 0.541023 0.563844 0.524398 0.551522 0.510135 0.522926 0.415763 0.504477 0.486367 0.476708 0.600890 0.555938 0.465305 0.525691 0.549980 0.504006 0.520484 0.462112 0.521734 0.490030 0.547523 0.500168 0.518291 0.465274 0.414203 0.444791 0.503177 0.595123 0.548752 0.511108 0.570845 0.548518 0.480233 0.564225 0.546466 0.443254 0.426764 0.403943 0.535101 0.486988 0.512205 0.483929 0.506932 0.593237 0.507656 0.419631 0.449403 0.485399 0.432827 0.510027 0.412602 0.449913 0.498226 0.419185 0.478918 0.486023 0.483037 0.580389 0.474436 0.492245 0.559706 0.525636 0.509426 0.498324 0.545099 0.517026 0.486109 0.497444 0.424142 

618
141.000000
0.478040 0.604282 0.521114 0.461131 0.497883 0.410660 0.508490 0.560016 0.555568 0.540052 0.502144 0.542039 0.543544 0.511632 0.478281 0.497143 0.525774 0.527646 0.522215 0.542158 0.498533 0.467531 0.543289 0.531179 0.488012 0.509144 0.515469 0.500775 0.436821 0.497286 0.425214 0.523595 0.463144 0.483911 0.453243 0.424640 0.428239 0.505405 0.522422 0.461443 0.463163 0.504738 0.560445 0.509277 0.454692 0.539181 0.397859 0.549569 0.398182 0.460231 0.404057 0.494026 0.509164 0.528306 0.472607 0.509393 0.532771 0.499938 0.529221 0.474150 0.444253 0.499790 0.521481 0.461661 0.488971 0.505877 0.518486 0.547262 0.425980 0.548675 0.498663 0.507661 0.534562 0.523424 0.503956 0.469205 0.547406 0.494100 0.514848 0.551287 0.489494 0.408248 0.511576 0.462002 0.563110 0.516700 0.471199 0.498216 0.456268 0.492927 0.518943 0.545660 0.472162 0.504702 0.482649 0.494337 0.511696 0.500881 0.507596 0.519009 0.513270 0.467169 0.538574 0.507761 0.516216 0.484384 0.470633 0.467420 0.516297 0.458922 0.547475 0.416632 0.522615 0.535752 0.530847 0.462756 0.507821 0.499208 0.497704 0.540537 0.508596 0.458657 0.458833 0.517644 0.505424 0.458738 0.548347 0.573032 0.508602 0.525626 0.543334 0.472141 0.442507 0.560707 0.485650 0.554846 0.566152 0.504880 0.489512 0.460711 0.461746 0.522663 0.552266 0.517307 0.467305 0.556116 0.457102 0.541234 0.464681 0.507409 0.540743 0.510553 0.572801 0.469833 0.528167 0.461844 0.580455 0.392039 0.529868 0.436031 0.510488 0.483833 0.564963 0.558960 0.529636 0.454533 0.484543 0.505629 0.474666 0.518242 0.490200 0.513020 0.510900 0.516241 0.484244 0.463324 0.461796 0.552245 0.537232 0.484832 0.576561 0.532789 0.485462 0.454253 0.534089 0.532378 0.529606 0.483037 0.501738 0.545835 0.515196 0.468843 0.470102 0.561435 0.438876 0.523096 0.550865 0.410592 0.531908 0.547941 

699
58.000000
0.511969 0.438631 0.543696 0.456069 0.569670 0.434768 0.565041 0.467643 0.616773 0.544493 0.477704 0.516642 0.399315 0.518424 0.580755 0.510933 0.535685 0.520492 0.422552 0.479466 0.517942 0.464903 0.518698 0.459191 0.463290 0.452404 0.609169 0.448362 0.507152 0.399922 0.557285 0.554140 0.460803 0.472414 0.477643 0.560941 0.521477 0.508711 0.518116 0.525674 0.546980 0.557892 0.511353 0.412727 0.523059 0.534646 0.488698 0.455224 0.547059 0.450677 0.534759 0.526102 0.440954 0.642648 0.448493 0.490689 0.428669 0.559406 0.509017 0.444872 0.450165 0.404103 0.565324 0.601415 0.534110 0.488596 0.556599 0.452393 0.522468 0.396487 0.548190 0.507443 0.515606 0.486771 0.454400 0.514840 0.557363 0.566492 0.507521 0.549404 0.583450 0.587510 0.516779 0.479163 0.464006 0.459555 0.495088 0.359950 0.541782 0.566351 0.541825 0.548990 0.516548 0.550586 0.566377 0.495663 0.495719 0.432252 0.454089 0.414242 0.490655 0.530750 0.500534 0.569525 0.480500 0.549400 0.531059 0.431997 0.404778 0.513348 0.502968 0.526022 0.467545 0.505503 0.562730 0.533192 0.411726 0.459568 0.475681 0.506608 0.536961 0.471944 0.429142 0.476088 0.514400 0.450744 0.442880 0.503978 0.453790 0.470207 0.544971 0.458733 0.607129 0.506397 0.516031 0.406228 0.497931 0.581787 0.499345 0.490743 0.526217 0.466738 0.563015 0.586587 0.416584 0.628938 0.599181 0.533765 0.467918 0.507238 0.562086 0.504364 0.551781 0.504428 0.474557 0.542968 0.574936 0.458910 0.490127 0.555015 0.544259 0.519061 0.390386 0.558237 0.410759 0.615941 0.585374 0.572826 0.493899 0.469693 0.585138 0.489640 0.572329 0.501524 0.506046 0.483059 0.497424 0.556019 0.410788 0.510176 0.473990 0.529792 0.468086 0.500947 0.620412 0.550169 0.571645 0.509964 0.489746 0.456915 0.439052 0.568663 0.437706 0.473239 0.456679 0.517702 0.425365 0.457766 0.529053 0.494819 

845
50.000000
0.483419 0.478687 0.460790 0.557409 0.580832 0.394962 0.430751 0.537611 0.507215 0.432787 0.580076 0.461609 0.541644 0.599118 0.428910 0.356669 0.530937 0.469709 0.476592 0.403523 0.520799 0.390302 0.433108 0.489977 0.465620 0.480358 0.501070 0.502659 0.499388 0.415126 0.524091 0.525791 0.560511 0.415537 0.512722 0.494143 0.524813 0.597761 0.451622 0.510572 0.451383 0.568101 0.551988 0.486196 0.621520 0.412739 0.395613 0.453383 0.536031 0.529759 0.568147 0.608981 0.572900 0.502612 0.549562 0.578842 0.586422 0.625061 0.582686 0.496689 0.558906 0.518680 0.462465 0.483190 0.453741 0.501760 0.458895 0.407955 0.558869 0.495203 0.468035 0.551873 0.555583 0.494532 0.413968 0.484080 0.480083 0.441025 0.499022 0.612022 0.633777 0.438192 0.591968 0.450212 0.410160 0.567224 0.529612 0.499541 0.336873 0.386859 0.554334 0.581539 0.414735 0.405419 0.470352 0.538040 0.573040 0.557145 0.619176 0.584730 0.452029 0.528547 0.597700 0.495638 0.557163 0.496283 0.471419 0.524253 0.491894 0.584448 0.454296 0.465706 0.440166 0.560211 0.512945 0.453885 0.429333 0.472284 0.546203 0.488889 0.459116 0.611996 0.425171 0.435624 0.571144 0.512808 0.489840 0.536332 0.483378 0.497559 0.536118 0.441389 0.569212 0.485736 0.564002 0.487753 0.555163 0.483540 0.499787 0.457304 0.595096 0.510933 0.381332 0.523121 0.492006 0.431211 0.447787 0.446023 0.577946 0.474868 0.508780 0.502928 0.534262 0.530737 0.501443 0.589473 0.501438 0.549747 0.418052 0.439609 0.522448 0.451650 0.437182 0.512554 0.495257 0.479991 0.474727 0.581459 0.577257 0.578273 0.418851 0.597748 0.502824 0.499175 0.498684 0.540411 0.569364 0.452931 0.587645 0.601248 0.459351 0.510281 0.528658 0.456354 0.466599 0.465122 0.533671 0.533149 0.452885 0.633096 0.460211 0.463187 0.552875 0.561449 0.422741 0.467384 0.445979 0.494814 0.559070 0.565615 

873
78.000000
0.441856 0.582606 0.441191 0.417360 0.485544 0.514501 0.476756 0.452006 0.482220 0.515306 0.444382 0.436039 0.531765 0.522743 0.527754 0.541666 0.539118 0.503060 0.477375 0.609173 0.544729 0.527023 0.470469 0.528021 0.524713 0.492940 0.517205 0.506350 0.456831 0.547455 0.541825 0.501760 0.535328 0.519960 0.519311 0.410535 0.490518 0.418171 0.609607 0.506878 0.545974 0.524270 0.554442 0.493360 0.441423 0.551738 0.508362 0.542435 0.510341 0.439806 0.471606 0.505133 0.581636 0.637950 0.530565 0.459976 0.561649 0.459225 0.533350 0.517259 0.431692 0.553637 0.537146 0.491650 0.535003 0.511147 0.499532 0.567588 0.548206 0.419713 0.564086 0.430957 0.450728 0.487908 0.527105 0.531567 0.496545 0.515944 0.575633 0.511225 0.448717 0.519798 0.570159 0.520030 0.555459 0.473187 0.444900 0.414725 0.561796 0.528252 0.488830 0.511026 0.586835 0.486788 0.482834 0.507982 0.507405 0.482534 0.486972 0.476416 0.514280 0.489667 0.463853 0.477316 0.451455 0.514185 0.476374 0.540738 0.501703 0.469024 0.456871 0.481752 0.545596 0.451971 0.496788 0.479462 0.502507 0.483346 0.479466 0.466039 0.536463 0.478416 0.496018 0.472311 0.489470 0.449413 0.473569 0.423140 0.520729 0.490227 0.400380 0.526088 0.528860 0.460651 0.507193 0.534940 0.524471 0.535538 0.508690 0.498661 0.442508 0.512179 0.451133 0.444430 0.493665 0.439469 0.540492 0.447782 0.441885 0.492810 0.405900 0.396553 0.443372 0.467239 0.494812 0.595319 0.459631 0.596126 0.503374 0.538579 0.516044 0.457193 0.431972 0.500740 0.472185 0.542512 0.533660 0.563464 0.493125 0.489679 0.557246 0.487554 0.504663 0.486564 0.432447 0.495825 0.529778 0.546914 0.561577 0.591184 0.633409 0.466036 0.520607 0.593192 0.475954 0.443292 0.407208 0.424507 0.486018 0.549970 0.490224 0.526706 0.505720 0.423895 0.429846 0.580438 0.521554 0.516062 0.518113 0.458906 

